[
 [[ 89  89  89]  [ 92  92  92]  [ 87  87  87]  [ 90  90  90]  [ 87  87  87]  [ 91  91  91]]

 [[ 91  91  91]  [ 88  88  88]  [ 93  93  93]  [ 89  89  89]  [ 91  91  91]  [ 91  91  91]]

 [[ 91  91  91]  [ 93  93  93]  [109 109 109]  [ 91  91  91]  [ 90  90  90]  [ 90  90  90]]

 [[ 90  90  90]  [ 96  96  96]  [113 113 113]  [ 93  93  93]  [ 91  91  91]  [ 90  90  90]]

 [[ 91  91  91]  [ 90  90  90]  [ 96  96  96]  [ 92  92  92]  [ 94  94  94]  [ 90  90  90]]

 [[ 89  89  89]  [ 90  90  90]  [ 89  89  89]  [ 92  92  92]  [ 92  92  92]  [ 89  89  89]]
 ]